correct:
566171 600730 1
544 602016 1
567681 600699 1
9813 600744 1
18887 600766 1
230 601847 1
20323 600921 1
16481 600699 1
29241 600921 1
4535 600730 1
53800 600699 1
564766 600699 1
538336 600730 1
537134 600921 1
22 601127 1
13376 600699 1
2025 600699 1
54069 600699 1
1321 601160 1
34381 600658 1
3616 600699 1
7593 600744 1
8228 600622 1
3139 600734 1
567710 600921 1
18813 600744 1
230 601825 1
38061 600730 1
536170 600699 1
17599 600742 1
22 601303 1
566007 600744 1
12008 600622 1
22 602562 1
13001 600744 1
535729 600863 1
16110 600699 1
566452 600742 1
16738 600699 1
563010 600699 1
574275 600699 1
1254 600622 1
565054 600699 1
564513 600730 1
14 601700 1
535393 600699 1
563685 600699 1
544 605315 1
563665 600699 1
22 605333 1
536629 600921 1
16649 600699 1
537252 600805 1
531795 600770 1
22 601386 1
7738 600699 1
566970 600730 1
14 603309 1
7715 600699 1
230 602017 1
563421 600699 1
20802 601120 1
567650 600921 1
6083 600730 1
536905 600921 1
6333 600614 1
563984 600996 1
567009 600699 1
535480 600730 1
535935 600699 1
567653 600699 1
64793 600770 1
14 601718 1
12 601506 1
1714 600952 1
14098 600699 1
54091 600699 1
46748 600699 1
648 600699 1
567605 600730 1
537699 600699 1
1195 600730 1
12595 600658 1
536632 601007 1
565176 600730 1
7690 600699 1
537482 600730 1
1321 601560 1
564252 600936 1
562792 600734 1
22 601883 1
22 601397 1
168 600742 1
536133 600744 1
563162 600744 1
1913 600699 1
14 600814 1
690 601075 1
3330 600699 1
567433 600921 1
11127 600921 1
567038 600699 1
563451 600730 1
2357 600699 1
535687 600699 1
17599 600699 1
1195 600699 1
5923 600614 1
55036 600730 1
14 601728 1
5935 600699 1
647 601493 1
563989 600699 1
14 601191 1
17202 600614 1
22 600925 1
14 601110 1
13485 600863 1
230 601021 1
13700 601192 1
8673 600699 1
564388 600921 1
16491 600699 1
536652 600778 1
544 601091 1
536482 600699 1
538582 600699 1
22 601683 1
564816 600699 1
536113 600699 1
7806 600699 1
565231 600921 1
230 601822 1
22 600722 1
19294 600699 1
567725 600921 1
536965 600699 1
12 601391 1
14 601403 1
537403 600734 1
537160 600699 1
2313 600774 1
13674 600770 1
535731 600699 1
535726 600699 1
1749 602470 1
535602 600921 1
44882 600792 1
537153 600699 1
13 601849 1
14 604431 1
6408 600699 1
6223 600699 1
567766 600921 1
537702 600730 1
537658 600699 1
803 600699 1
13 601585 1
17497 600699 1
16640 600622 1
22800 600921 1
14 600778 1
563739 600699 1
13922 600744 1
536065 600699 1
230 602208 1
855 601175 1
566487 600699 1
566466 600699 1
1171 603465 1
13122 601171 1
31901 600734 1
53098 600699 1
21201 600730 1
230 601477 1
565784 600699 1
2177 600778 1
566146 600699 1
37 600989 1
563195 600699 1
230 601319 1
535612 600766 1
34721 600699 1
563181 600730 1
564334 600730 1
22 601248 1
13119 600658 1
2288 600742 1
22 604143 1
536589 600730 1
567737 600699 1
567504 600730 1
537495 600730 1
9164 600699 1
14545 600832 1
535811 600699 1
12019 600744 1
4310 600792 1
564365 600699 1
565390 600699 1
2779 602101 1
4406 601004 1
7681 600809 1
7625 600699 1
535830 600699 1
13671 600699 1
565717 600924 1
536214 600730 1
22 601609 1
13625 600699 1
538052 600744 1
45250 600744 1
6968 600699 1
536601 601158 1
537113 600699 1
562594 600699 1
1943 602535 1
56734 600699 1
12791 600779 1
230 601846 1
8218 600796 1
536293 600921 1
236 602815 1
535942 600742 1
740 601936 1
1943 600859 1
419 604494 1
496 600742 1
690 600622 1
67877 600658 1
230 600788 1
535694 600730 1
535306 600699 1
537525 600744 1
12124 600699 1
6978 600699 1
5955 600699 1
29481 600699 1
6470 600614 1
22 601627 1
8944 600699 1
12779 600699 1
230 604027 1
6967 600614 1
12282 600921 1
6083 600742 1
567643 600699 1
537987 600730 1
18288 600658 1
536214 600744 1
15 601396 1
535601 600921 1
535746 600921 1
14 601590 1
3555 600699 1
536647 601283 1
535440 600699 1
4802 600699 1
33461 600734 1
49914 600699 1
6471 600699 1
2180 600699 1
14 601850 1
14 601045 1
536214 600742 1
3875 601669 1
537537 600792 1
15 601555 1
70100 600730 1
566947 600921 1
562618 600699 1
22 601528 1
536050 600699 1
3320 600730 1
22 605189 1
230 603735 1
4476 600699 1
18335 600921 1
13704 600921 1
535532 600699 1
1008 602103 1
562719 600699 1
562938 600778 1
11782 600699 1
22 600828 1
25420 601123 1
18887 600730 1
5124 600699 1
22 601523 1
12348 600699 1
10644 600921 1
565334 600699 1
535417 600699 1
13163 600658 1
6210 600730 1
743 601934 1
537088 600730 1
14625 600699 1
536372 600699 1
1169 601788 1
537366 600699 1
536211 600730 1
562770 600699 1
563614 600744 1
55947 600699 1
13 601555 1
537047 600699 1
537915 601004 1
2779 600614 1
4198 600699 1
12348 600730 1
12 601244 1
15207 600936 1
535476 600730 1
3251 600792 1
236 601831 1
419 601970 1
56846 600699 1
230 600802 1
22 601227 1
22 605181 1
230 601682 1
15319 600744 1
537729 600734 1
435 600744 1
29600 600699 1
9376 600699 1
536080 600699 1
13 600915 1
2370 600699 1
59710 600699 1
2349 600770 1
544 604858 1
15 602681 1
37 602893 1
11504 600924 1
566460 600730 1
4198 600730 1
13 601430 1
13 604451 1
564888 600699 1
563654 600699 1
564052 600730 1
536783 600792 1
536629 600699 1
20513 600699 1
22 601221 1
535421 600921 1
537848 600699 1
29241 600699 1
22 602869 1
9216 600699 1
11658 600614 1
537250 600734 1
536399 600744 1
562876 600699 1
20151 600699 1
535377 600699 1
230 601473 1
13612 600699 1
566987 600805 1
419 603014 1
52537 600744 1
1749 602030 1
538380 600699 1
831 600699 1
535334 600699 1
12 601367 1
230 601392 1
55752 600622 1
17566 600730 1
20325 601080 1
230 601475 1
9222 600699 1
54556 600614 1
14 601693 1
14 600779 1
230 601106 1
567215 600921 1
1766 600734 1
564276 600778 1
7965 600730 1
5356 600770 1
567642 600699 1
13 601496 1
6552 600699 1
18288 600712 1
55623 601152 1
5128 600699 1
537596 600805 1
563023 600699 1
536209 600730 1
13 600863 1
537758 600792 1
567253 600730 1
6 601192 1
566453 600921 1
7589 600658 1
537419 600730 1
6457 600699 1
567453 600921 1
77000 600699 1
564589 600699 1
536510 600699 1
12021 600699 1
567325 600921 1
563384 600730 1
13544 600744 1
14 601647 1
565972 600658 1
8413 600903 1
564245 600730 1
230 601247 1
230 602000 1
567422 600699 1
567145 600699 1
563408 600766 1
230 601699 1
7897 600699 1
566908 600699 1
567687 600924 1
535328 600924 1
13 601249 1
567502 600699 1
544 603465 1
536330 600699 1
3092 600614 1
20230 600699 1
18288 600622 1
567434 600924 1
6011 600699 1
567698 600921 1
740 602993 1
52018 600730 1
564738 600921 1
565733 600699 1
16135 600723 1
22 601122 1
544 601542 1
6086 600699 1
536404 600699 1
2769 600699 1
58631 600730 1
564708 600921 1
31845 600924 1
860 601075 1
567340 600744 1
14 601745 1
536664 600699 1
537342 600770 1
7251 600699 1
20388 600699 1
12 600766 1
18376 600699 1
538242 600924 1
20214 600699 1
1327 602544 1
15 603154 1
13 600777 1
20158 600699 1
567433 600699 1
14 601127 1
4844 601158 1
566996 600699 1
230 601831 1
564492 600699 1
58631 600699 1
565746 600699 1
15 601213 1
6552 600742 1
537079 600792 1
14 601234 1
419 604161 1
3231 600913 1
22 601619 1
537799 600699 1
13 600996 1
22 600658 1
13 600885 1
5831 600809 1
13 601174 1
537934 600924 1
3921 600614 1
535661 600921 1
536167 600699 1
230 601592 1
536048 600921 1
437 601017 1
567481 600766 1
44342 600699 1
22 603660 1
22 600826 1
230 602206 1
4916 600699 1
566795 600699 1
567653 600734 1
14 601427 1
14 603509 1
535743 600921 1
56487 600924 1
562647 600699 1
563907 600730 1
1172 601339 1
536225 600730 1
230 604714 1
13614 600779 1
535520 600699 1
562901 600699 1
544 601593 1
55847 600699 1
536339 600699 1
536781 600924 1
537172 600742 1
538116 600766 1
12 600699 1
13 601870 1
6311 600742 1
564292 600699 1
562393 600699 1
537384 600730 1
2779 602038 1
2526 600699 1
535581 600744 1
4819 600699 1
537723 600742 1
230 602774 1
537943 600699 1
690 601165 1
690 601750 1
22 601046 1
9456 600699 1
20323 600792 1
6952 600699 1
17243 600699 1
57174 600699 1
536677 600921 1
15 600778 1
8585 600921 1
8944 600744 1
230 600926 1
230 600803 1
3330 600726 1
230 602285 1
12507 600658 1
4830 600699 1
9203 600614 1
9382 601049 1
52439 600699 1
535746 600699 1
9385 600699 1
567085 600699 1
535598 600699 1
20773 600924 1
13611 600699 1
1145 601610 1
7119 600699 1
563363 600921 1
6030 601004 1
565198 600921 1
56784 600699 1
749 600699 1
816 600699 1
535395 600699 1
14 600978 1
230 600904 1
10998 600614 1
25753 600921 1
537834 600921 1
536697 600730 1
43095 600699 1
562385 600734 1
419 601801 1
230 604951 1
535602 600924 1
536293 600699 1
53307 600744 1
7060 600921 1
536748 600699 1
537501 600734 1
3480 600699 1
10020 600699 1
566236 600730 1
13 601590 1
565133 601089 1
8258 600796 1
20388 600658 1
21183 600699 1
537079 600699 1
15837 600699 1
7688 600921 1
6930 602156 1
1172 600614 1
14 601059 1
6932 600699 1
22 601699 1
5757 600699 1
14 601634 1
14 600776 1
19956 600699 1
10520 600699 1
25420 600921 1
13 603135 1
22 600972 1
12868 600699 1
20016 600699 1
53546 600699 1
505 601345 1
3240 600778 1
12319 600730 1
537742 600730 1
7674 601356 1
567925 600699 1
565703 600699 1
13 600943 1
419 605333 1
1008 605440 1
22 601254 1
536587 600921 1
544 600635 1
12635 600699 1
22 600950 1
10048 600658 1
61325 600699 1
14 601595 1
8065 600744 1
567202 600921 1
537274 600699 1
14376 600699 1
564608 600924 1
236 601301 1
12893 600699 1
562803 600699 1
22 601294 1
55728 600699 1
21081 600699 1
13 603154 1
563627 600699 1
13 600936 1
14 601076 1
230 603662 1
536864 600699 1
565449 600699 1
236 600878 1
564245 600699 1
419 602186 1
537342 600860 1
536198 600699 1
537257 600699 1
39500 600699 1
10623 600699 1
537501 600699 1
3467 600778 1
12512 600699 1
18276 600699 1
14 600942 1
563843 600699 1
4714 600730 1
57826 600730 1
566170 600699 1
8945 600699 1
20513 600730 1
740 601938 1
17088 600792 1
9377 600744 1
565406 600860 1
1259 600699 1
548069 600699 1
4406 601020 1
7926 600734 1
14517 600658 1
536611 600699 1
858 600699 1
12512 600730 1
567382 600699 1
564115 600699 1
562695 600921 1
6528 600614 1
50336 600699 1
6314 600898 1
25420 601249 1
563335 600699 1
7721 601004 1
564547 600921 1
567765 600730 1
437 601410 1
230 604341 1
14929 600921 1
537494 600921 1
22 601157 1
37 600998 1
567426 600921 1
4391 600699 1
564608 600863 1
54119 600730 1
6869 600699 1
5313 600730 1
9122 600779 1
13899 600699 1
22 605025 1
567426 600699 1
230 601454 1
536942 600924 1
690 601725 1
563660 600730 1
535600 600792 1
536456 600921 1
537217 600699 1
437 601800 1
1169 601324 1
565510 600699 1
574275 600730 1
535397 600770 1
538141 600699 1
566464 600699 1
14820 600699 1
536974 600699 1
538064 600699 1
20739 600699 1
16736 601139 1
6059 600699 1
538400 600699 1
9976 600744 1
13471 600699 1
22 604712 1
160 601406 1
537032 600699 1
16109 600699 1
537620 600699 1
3323 600699 1
4927 600699 1
230 601231 1
566472 600809 1
536447 600699 1
67430 600699 1
15 601829 1
537775 600730 1
53560 600744 1
22 601047 1
538116 600742 1
22 601677 1
34321 600936 1
437 601778 1
535744 600699 1
535776 600921 1
16135 600699 1
22 600881 1
7154 600699 1
11038 600744 1
21081 600730 1
647 601324 1
13 601320 1
538231 600699 1
54882 600699 1
537181 600699 1
544 601778 1
52496 600699 1
3616 600744 1
11809 600730 1
13 601232 1
741 600699 1
538167 600699 1
535912 600730 1
19896 600744 1
12634 600699 1
536647 601391 1
20821 600699 1
566870 600699 1
17246 600726 1
13 601202 1
4719 600658 1
10438 600699 1
22 601695 1
230 604553 1
14313 600699 1
18230 600699 1
536430 600699 1
55036 600699 1
230 602226 1
15 603575 1
535979 600809 1
565192 600730 1
4195 600622 1
10235 600699 1
563783 600699 1
535521 600699 1
20275 600699 1
13508 600730 1
564563 600921 1
567466 600699 1
3111 600699 1
22 602032 1
230 601883 1
22 601428 1
33461 600699 1
13 601188 1
564481 600744 1
9471 600730 1
538116 600730 1
7022 601754 1
15877 600779 1
230 604865 1
15 601632 1
7721 600924 1
45262 600699 1
14 602973 1
567316 600730 1
20914 600699 1
566958 600699 1
2288 600730 1
564710 600699 1
2526 600730 1
537516 600699 1
53159 600699 1
567186 600699 1
567144 600699 1
14581 600614 1
2471 605161 1
19048 600622 1
536122 600699 1
437 601173 1
538007 600699 1
690 603142 1
419 601392 1
564276 600699 1
566494 600699 1
566473 600699 1
15428 600614 1
537622 600699 1
537871 600863 1
563871 600699 1
537480 600744 1
567277 600699 1
563162 600921 1
567492 600744 1
544 601523 1
566875 600742 1
2349 600699 1
230 604311 1
50197 600614 1
535847 600744 1
4480 600770 1
30321 600796 1
563039 600699 1
690 605449 1
535687 600744 1
562875 600699 1
50336 601007 1
14 601645 1
3969 600699 1
536905 600863 1
538173 600699 1
8591 600699 1
230 601514 1
7022 601633 1
437 601834 1
564254 600699 1
14 602200 1
544 601739 1
7426 600699 1
535887 600699 1
564708 600924 1
535477 600730 1
580205 600730 1
567210 600699 1
22 603307 1
14 602742 1
425 600921 1
567084 600734 1
14 601663 1
58627 601213 1
15831 600699 1
18882 600699 1
20920 600778 1
52500 600699 1
562769 600744 1
535745 600921 1
563242 601004 1
3286 600699 1
567284 600699 1
537568 600699 1
563918 600734 1
11317 600790 1
15 601537 1
537032 600744 1
13662 600921 1
535310 600699 1
1449 600658 1
10505 600924 1
21441 600658 1
8207 600658 1
6942 600734 1
535440 600921 1
6528 602531 1
548075 600766 1
566933 600699 1
27646 600744 1
14 601609 1
567558 600936 1
13630 600699 1
537117 600766 1
564276 600766 1
22 600832 1
566056 600699 1
15783 600699 1
538259 600699 1
537209 600699 1
15427 600614 1
1929 604773 1
567686 600730 1
13 601283 1
690 600635 1
1145 601594 1
1249 602535 1
538138 600699 1
563835 600751 1
2340 600622 1
230 602037 1
564652 600792 1
1424 600699 1
44483 600730 1
23921 600699 1
5832 600766 1
230 600879 1
10996 600699 1
230 600828 1
536339 600805 1
14 601231 1
53579 600699 1
14339 600730 1
15319 600734 1
537537 600790 1
536890 600730 1
3320 600699 1
8721 600699 1
13281 600699 1
548074 600921 1
536974 600730 1
5117 600792 1
14 601289 1
567208 600921 1
230 601576 1
4461 600860 1
11248 600699 1
562602 600730 1
18827 600699 1
565969 600699 1
10859 600699 1
535903 600744 1
505 601028 1
6311 600699 1
11938 600921 1
1749 602535 1
2294 602464 1
538216 600921 1
14 603195 1
18496 600699 1
88890 600699 1
14 601810 1
14 601005 1
567286 600863 1
13464 600699 1
4761 601120 1
4244 600712 1
564219 600699 1
1014 600699 1
22 601395 1
64070 600921 1
537194 600699 1
14 601870 1
14929 600699 1
9634 600699 1
563396 600924 1
18476 600699 1
544 602217 1
564190 600863 1
310 601533 1
37 602664 1
58494 600699 1
7669 600635 1
537249 600699 1
1249 601710 1
22 601217 1
437 601255 1
9404 600614 1
8072 600699 1
13 601080 1
11064 600730 1
230 604062 1
10485 600734 1
22 601828 1
563326 601232 1
15 601843 1
1943 601094 1
7642 600614 1
15 601718 1
12883 600699 1
230 601492 1
536528 600699 1
3877 602991 1
3467 601149 1
537403 600699 1
563898 600730 1
563822 600699 1
22 604075 1
5831 600863 1
50177 600699 1
535906 600921 1
537457 600699 1
22 600931 1
563763 600699 1
537564 600744 1
536345 600730 1
9765 600614 1
14 602857 1
566452 600730 1
536420 600699 1
567766 600744 1
563789 600734 1
565891 600699 1
4820 600699 1
13585 600699 1
537014 600699 1
536880 600699 1
46110 600734 1
14 600835 1
1321 605048 1
8265 600699 1
3921 601860 1
3556 600658 1
10698 600658 1
544 600614 1
537537 600734 1
565699 600805 1
565278 600699 1
11504 600778 1
535662 600658 1
17098 600699 1
13 601149 1
567867 600699 1
140 600699 1
236 601568 1
12279 600699 1
535900 600921 1
230 601520 1
794 600699 1
536352 600730 1
437 601947 1
54119 600699 1
563032 600699 1
3921 601314 1
15 601227 1
419 602188 1
987 600699 1
419 604682 1
7873 600699 1
538212 600699 1
567687 600921 1
592 600699 1
1932 605182 1
3057 600730 1
3108 601120 1
563207 600699 1
168 600730 1
58631 600734 1
536780 600860 1
544 601851 1
7835 600699 1
22 601234 1
55673 600730 1
536919 600699 1
564679 600744 1
16532 600699 1
544 601620 1
544 601282 1
1002 600699 1
538603 600699 1
7836 600921 1
14 601264 1
565732 600699 1
22 601604 1
22 601161 1
230 605432 1
535942 600730 1
14 600951 1
16112 600744 1
3240 600744 1
564048 600730 1
536091 600699 1
22 601772 1
563475 600699 1
22 602664 1
13 602987 1
29481 600712 1
740 601358 1
1724 600699 1
537873 600699 1
7863 600699 1
22 602890 1
1471 602208 1
562803 600744 1
567758 600924 1
537302 600699 1
51474 600699 1
47508 600766 1
544 602544 1
326 600699 1
563412 600699 1
562600 601004 1
14 603128 1
14 601702 1
537407 600699 1
22 600806 1
537931 600921 1
10182 600699 1
565537 600924 1
9303 600699 1
18335 600924 1
537871 600792 1
567244 600699 1
564400 600744 1
5891 600699 1
536560 600699 1
1321 603783 1
8681 600921 1
563808 600699 1
230 602205 1
141 600699 1
14 600899 1
9508 600699 1
14 604451 1
563816 600921 1
537172 600730 1
2869 600699 1
22 601051 1
59348 600770 1
565375 600730 1
1927 602213 1
29481 600658 1
535860 600699 1
437 601881 1
4374 600699 1
22 600869 1
20294 600792 1
564629 600921 1
230 602953 1
567034 600730 1
14 602002 1
18288 600699 1
564597 600805 1
22 601196 1
565128 600699 1
13 601036 1
15576 600742 1
9889 600699 1
2303 600920 1
536183 600730 1
536163 600699 1
12868 600726 1
565772 600921 1
230 601568 1
2821 600699 1
567856 600921 1
15432 600699 1
536974 600742 1
2178 600699 1
230 605025 1
563476 600796 1
13341 600699 1
12178 600699 1
22 601392 1
22 604745 1
7877 600699 1
24821 600614 1
9137 600699 1
3586 600699 1
81800 600730 1
562746 600699 1
18235 600699 1
565814 600699 1
6008 600699 1
1650 600699 1
8413 600792 1
1523 602231 1
564369 600699 1
1714 601334 1
14 601192 1
562938 600699 1
22 602060 1
7905 600699 1
53549 600699 1
565210 600699 1
567510 600699 1
563137 600699 1
19280 600699 1
536439 600699 1
563848 600699 1
22 601241 1
567738 600699 1
14 601764 1
14435 600699 1
10996 600712 1
310 600622 1
5359 600766 1
566415 600805 1
22 600928 1
230 600992 1
1145 600973 1
7688 600924 1
7277 600898 1
13 601098 1
11248 600744 1
564333 600699 1
55752 600658 1
3875 600614 1
230 605402 1
11488 600699 1
13706 600699 1
12008 600658 1
18197 600730 1
5262 600726 1
230 601867 1
52536 600699 1
563681 600699 1
17599 600730 1
59606 600699 1
537702 600699 1
7485 600699 1
535459 600699 1
6331 600614 1
11547 600744 1
566325 600730 1
536056 600699 1
7410 600699 1
5158 600699 1
14178 600699 1
17246 600699 1
14 601308 1
6311 600730 1
6949 600658 1
437 601219 1
52878 600730 1
6029 600734 1
230 601082 1
22 600949 1
22 605425 1
22 602028 1
3688 600730 1
536866 600730 1
5489 600924 1
3410 600730 1
7566 600699 1
22 600989 1
12552 600699 1
6210 600742 1
14 601537 1
14 601658 1
230 601147 1
9120 600734 1
1145 601564 1
538417 600924 1
536984 600924 1
537915 600921 1
565840 600730 1
5171 600778 1
13502 600699 1
536189 600744 1
535374 600766 1
5171 600699 1
14 600941 1
52536 600744 1
536596 600921 1
12164 600614 1
564498 600699 1
14 602028 1
9542 600699 1
565121 600921 1
563980 600699 1
219 600903 1
8209 600730 1
14899 600699 1
565133 601172 1
562791 600744 1
22 600862 1
564597 600921 1
22 601145 1
536987 600699 1
567282 600699 1
12319 600699 1
564234 600699 1
1250 600921 1
9221 600699 1
20388 600712 1
536494 600699 1
14 601036 1
1259 600730 1
746 600699 1
4714 600699 1
11383 600921 1
564832 600699 1
9395 600614 1
566593 600699 1
538003 600699 1
567529 600699 1
567499 600699 1
566470 600699 1
2045 600699 1
11087 600699 1
15419 600699 1
535393 600730 1
708 600699 1
1008 600853 1
537340 600699 1
7569 600699 1
536029 600699 1
580062 600699 1
58625 600699 1
567833 600921 1
564388 600699 1
52537 600699 1
14 602306 1
18370 600699 1
783 600699 1
230 601127 1
13132 600699 1
437 600926 1
567833 600699 1
8231 600699 1
14 604075 1
536590 600699 1
9755 600921 1
535282 600699 1
7235 600766 1
22 601533 1
236 601847 1
535900 600805 1
9447 600699 1
230 602018 1
230 600888 1
563775 600921 1
419 601092 1
531815 600921 1
14 605165 1
56810 600699 1
5585 600699 1
567325 600699 1
22 601330 1
564166 600699 1
12 601020 1
565718 600863 1
27646 600699 1
4381 600658 1
535416 600699 1
13477 600699 1
49290 600699 1
46110 600699 1
16411 600699 1
11471 600614 1
565293 600744 1
535477 600742 1
544 601790 1
15217 600699 1
55953 601139 1
13 601772 1
2636 600699 1
647 601394 1
22 600821 1
566440 600699 1
814 600744 1
1249 601594 1
14 601529 1
19214 600699 1
13151 600699 1
537393 600699 1
567419 600730 1
545036 600699 1
537070 600699 1
419 602889 1
535805 600921 1
563412 600921 1
535507 600699 1
535502 600699 1
535854 600778 1
54059 600936 1
230 600917 1
38061 600699 1
564258 600699 1
52120 600699 1
236 601388 1
58405 601139 1
14 600876 1
12598 600699 1
566094 600921 1
230 602815 1
8068 600730 1
13103 600699 1
18197 600699 1
537345 600699 1
690 601014 1
19280 600730 1
567767 600699 1
14 600770 1
230 601189 1
544 601505 1
7593 600699 1
13 600778 1
537501 600730 1
564794 600699 1
6250 600742 1
537150 600779 1
20196 600730 1
14435 600921 1
230 602703 1
536644 600699 1
537581 600699 1
6940 605048 1
647 601193 1
512 600921 1
563666 600699 1
22 600969 1
12585 600903 1
564010 600744 1
544 602011 1
1321 600614 1
10214 600699 1
10201 600744 1
437 605429 1
564652 600699 1
8590 600699 1
536678 600921 1
20820 600699 1
22 601251 1
15 603309 1
14 601157 1
10293 600699 1
12624 600766 1
6520 600699 1
565188 600699 1
566222 600921 1
4829 600699 1
28361 600699 1
5262 600734 1
537581 600730 1
1008 601219 1
17192 601120 1
563481 600921 1
4612 600921 1
22 601291 1
419 600795 1
563865 600734 1
536652 600699 1
538159 600921 1
535608 600699 1
563177 600792 1
535413 600734 1
1300 600699 1
537021 600699 1
566947 600699 1
1606 600805 1
567770 600699 1
535852 600699 1
565717 600699 1
20754 600699 1
20288 600658 1
7943 600699 1
564154 600699 1
20258 600658 1
13922 600699 1
14 601369 1
14 601080 1
19958 600699 1
538416 600699 1
565145 600744 1
536081 600699 1
15267 602367 0
536085 601489 0
563435 600745 0
563423 604427 0
3330 600875 0
563693 605337 0
566695 601535 0
567734 602227 0
6484 604951 0
536133 601257 0
10244 602222 0
44882 601460 0
12510 600981 0
9877 600804 0
563649 601016 0
11383 601530 0
4172 602017 0
34062 600965 0
7060 605048 0
536056 602280 0
11512 601836 0
535377 601766 0
14897 601156 0
537209 600884 0
13953 601855 0
563110 602207 0
15432 601060 0
538375 604989 0
566899 602795 0
11657 601316 0
25063 601687 0
2836 605337 0
6406 601474 0
138 602985 0
537047 602550 0
565225 601762 0
538385 601471 0
567408 604224 0
13721 603135 0
536080 601175 0
536339 601436 0
14777 602871 0
17563 601299 0
538132 600895 0
535756 604176 0
29502 603626 0
8579 601477 0
12010 600850 0
537158 601087 0
579862 601547 0
537218 601724 0
537482 605434 0
564492 600635 0
567468 605178 0
537246 601102 0
567453 601567 0
566446 601046 0
566504 601200 0
563195 601691 0
4406 603662 0
566706 600773 0
562657 601482 0
567359 603039 0
6314 601656 0
17889 601009 0
567066 602933 0
16116 601200 0
7177 601851 0
5354 603755 0
10026 601469 0
538348 601230 0
536386 601484 0
8721 601219 0
5414 601699 0
567760 600879 0
9730 601621 0
3693 601136 0
567857 601571 0
59606 601892 0
535374 601029 0
8336 602628 0
567023 604037 0
18227 601871 0
565753 601327 0
567489 600790 0
1161 601592 0
9016 602731 0
565344 601861 0
535493 605179 0
537686 601349 0
535887 601312 0
567698 602745 0
3700 601724 0
536196 601079 0
567475 605352 0
566593 600917 0
4066 601809 0
564685 601257 0
536677 600816 0
16778 601265 0
537361 602117 0
563796 603039 0
537756 602020 0
535328 601137 0
565168 601423 0
537521 601751 0
39500 601288 0
565826 601108 0
563236 604554 0
535906 602985 0
13480 601800 0
7418 601069 0
3041 600949 0
6014 601589 0
9396 604369 0
566961 601005 0
575534 601843 0
566478 602119 0
538361 601362 0
535309 601298 0
62025 605402 0
11383 603735 0
10954 601521 0
794 602092 0
16870 605322 0
58497 603674 0
6998 601586 0
536919 601235 0
565168 601234 0
8209 601857 0
33700 601367 0
562515 601508 0
565710 601353 0
7155 601075 0
10382 601759 0
535716 601677 0
567207 603835 0
63806 600891 0
18980 603299 0
5832 601798 0
535419 601530 0
17497 602036 0
565942 601702 0
56731 600884 0
567681 601625 0
10141 601828 0
6192 600955 0
537883 601001 0
567758 600900 0
9389 601825 0
537731 603801 0
536512 601863 0
7415 602300 0
9134 601069 0
8052 600727 0
292 600829 0
565225 601965 0
25100 601996 0
567507 600865 0
11051 603633 0
12348 601825 0
2836 601199 0
537250 601905 0
567407 604075 0
537500 601294 0
567306 601227 0
565218 601176 0
8109 602027 0
630 600791 0
12769 600952 0
11123 601424 0
9140 601839 0
8844 601784 0
14883 601792 0
564010 601953 0
566470 601691 0
566146 601191 0
46351 605427 0
535289 601332 0
536489 601131 0
537060 601474 0
537493 600943 0
536183 601083 0
18269 601790 0
535602 601111 0
1926 601832 0
6958 605349 0
4948 601257 0
536214 602880 0
20336 601261 0
564566 602218 0
535444 604969 0
535434 600850 0
13717 601527 0
563326 601194 0
564330 602214 0
535899 601669 0
537492 601857 0
567020 602753 0
564832 601012 0
13617 600917 0
535382 600882 0
54364 601433 0
567481 601780 0
536372 601813 0
567306 601356 0
537328 601854 0
537955 600986 0
563278 601022 0
536014 602044 0
68600 602789 0
10661 601339 0
802 601396 0
6712 601203 0
13573 603533 0
537300 601361 0
13920 601252 0
538250 602119 0
10409 601356 0
1791 600999 0
12692 605429 0
18230 602070 0
57973 600964 0
11843 601175 0
16870 601292 0
13742 601187 0
566381 601832 0
5168 601523 0
9506 601693 0
567681 603814 0
565276 601306 0
535535 602652 0
8269 601436 0
11537 601963 0
7964 603814 0
565677 601829 0
535746 601492 0
60831 604880 0
566452 601776 0
537525 602236 0
536783 603353 0
11512 601027 0
6104 605435 0
562688 601437 0
567716 601712 0
538371 600767 0
563322 601132 0
20212 601622 0
20786 603676 0
6579 601830 0
10547 601835 0
56988 601846 0
13155 601522 0
708 601604 0
566902 601161 0
537117 600823 0
20158 601776 0
566112 602190 0
13281 602832 0
748 602143 0
567320 601192 0
34381 604193 0
536510 601451 0
1696 603025 0
566511 601569 0
8531 603014 0
537171 601830 0
19043 600798 0
13207 602190 0
18500 600899 0
564392 600726 0
538261 603855 0
565697 601941 0
56732 601633 0
6994 601338 0
538514 601527 0
562865 604653 0
10273 602890 0
4833 604124 0
61205 604366 0
563672 605189 0
18323 601702 0
10689 602605 0
15526 600985 0
18335 601948 0
13477 601928 0
563906 601248 0
6520 601412 0
8101 605239 0
565531 601129 0
537356 600802 0
537047 603648 0
5171 601831 0
13443 601350 0
563354 605425 0
24801 601161 0
1201 601677 0
5236 602291 0
535397 601008 0
567734 601436 0
17109 601147 0
563788 601224 0
566716 601352 0
565725 602358 0
46850 600973 0
565699 601682 0
536880 601778 0
1745 602091 0
1859 602206 0
563985 601065 0
15266 602004 0
9376 601508 0
6983 604935 0
10262 602955 0
563324 600839 0
567677 601065 0
5886 601177 0
562865 601626 0
1167 601626 0
9207 602818 0
538212 601053 0
566168 601983 0
8575 601823 0
535306 601234 0
535612 601671 0
567251 601821 0
567739 601705 0
16483 602815 0
45400 604016 0
11618 603834 0
13582 601677 0
26681 600997 0
15211 601678 0
536144 601517 0
1851 604622 0
564539 602880 0
20323 600993 0
567747 601287 0
15140 601280 0
535808 601266 0
536133 601701 0
567441 603559 0
562694 601148 0
563437 601536 0
565129 601565 0
8688 602137 0
12791 601251 0
536742 602623 0
9497 602246 0
566916 602023 0
9155 601427 0
2349 601222 0
538458 601706 0
12001 601827 0
9783 600905 0
564306 605447 0
6073 600954 0
535393 604304 0
9120 601790 0
1006 601560 0
17119 604015 0
74500 601534 0
567088 600856 0
17096 601012 0
536214 601477 0
565195 601711 0
567684 601778 0
4751 600970 0
8599 601190 0
564715 601361 0
5376 600908 0
12859 601956 0
564064 605437 0
14826 601295 0
567936 602742 0
536816 600739 0
536330 604366 0
536920 603348 0
537344 603246 0
51880 603509 0
23320 602296 0
43890 601725 0
565058 601147 0
566447 602334 0
566955 601947 0
536629 601609 0
564013 601390 0
52439 601745 0
49288 601735 0
564678 601859 0
2288 601428 0
566353 600896 0
536068 601953 0
62025 601041 0
90320 601403 0
567429 604951 0
8679 600747 0
567716 603344 0
12336 604472 0
55613 601128 0
567197 600726 0
5831 604189 0
537728 601614 0
563869 601492 0
54067 601869 0
9120 602800 0
20512 602815 0
536309 601180 0
7119 601778 0
537377 604374 0
536004 604427 0
537884 601778 0
6944 601746 0
537724 601593 0
537182 601905 0
15858 603165 0
535684 604062 0
18227 601511 0
9137 601176 0
567244 601210 0
3409 600892 0
13435 601562 0
536029 604880 0
567482 601815 0
10425 602705 0
566587 601622 0
803 601656 0
535803 601083 0
54218 602156 0
537998 601301 0
564577 601822 0
12422 602436 0
565114 600770 0
537279 601299 0
535845 600946 0
16726 601371 0
537124 600988 0
562865 601975 0
537688 602037 0
2526 602471 0
10267 604161 0
537525 601111 0
18290 601231 0
18307 604943 0
564258 601449 0
538322 605333 0
535501 600996 0
535742 601718 0
566982 601419 0
6210 600712 0
20434 602171 0
1014 601356 0
9821 604602 0
535924 600793 0
12857 604015 0
3586 601736 0
537384 601644 0
6391 601034 0
536185 601576 0
13544 600853 0
563848 601475 0
537221 602171 0
13573 601115 0
9016 601335 0
51302 601861 0
7079 600973 0
3881 602036 0
14060 601482 0
4067 601005 0
563362 605182 0
536436 601681 0
567679 603783 0
564992 602213 0
8540 600918 0
562949 601228 0
45828 605441 0
567707 601541 0
564560 605435 0
537417 603607 0
537702 601016 0
537482 603607 0
563933 601298 0
13508 601418 0
566695 601064 0
567125 601380 0
386 601947 0
535505 601953 0
21441 602953 0
563691 601176 0
7418 602203 0
566917 601417 0
12030 601528 0
4438 605443 0
11960 601325 0
538242 601316 0
11960 601970 0
49932 601005 0
537652 600832 0
7638 604368 0
9155 600935 0
567469 600910 0
6335 603855 0
6974 601494 0
8286 601190 0
6970 601258 0
535739 601463 0
537768 600877 0
16919 600982 0
3449 601632 0
6952 602164 0
4404 601010 0
537095 601521 0
55847 604193 0
5687 601619 0
28226 605359 0
3551 601439 0
536051 601186 0
54546 601213 0
11273 604043 0
537537 602955 0
8531 601267 0
6069 602023 0
563755 601297 0
567358 604174 0
9120 601529 0
538137 603365 0
537777 600855 0
563463 601153 0
565342 601083 0
579991 601934 0
49913 604043 0
1649 601787 0
51290 602214 0
563440 600883 0
6554 602208 0
564766 604078 0
15150 600982 0
535753 601890 0
567355 600935 0
565799 601575 0
565192 602166 0
566870 603185 0
535334 601358 0
535541 602205 0
535540 600799 0
53608 601135 0
567510 600946 0
13290 600793 0
563418 602167 0
814 603271 0
536119 601756 0
536163 604104 0
564469 601321 0
56730 602500 0
12569 600943 0
567357 601773 0
9137 605449 0
565335 601623 0
537521 602810 0
12362 601788 0
4480 600961 0
18677 601759 0
20199 600992 0
538322 601450 0
535308 601750 0
563739 600865 0
25242 602159 0
4673 601529 0
12281 602558 0
5512 603855 0
19462 604027 0
8339 601721 0
567016 604973 0
538243 600781 0
816 601630 0
565752 601841 0
14394 603626 0
13721 601213 0
25753 601869 0
562769 601487 0
567393 601180 0
13070 605351 0
535436 602039 0
567703 601940 0
567215 601136 0
4760 604369 0
3397 601435 0
13832 601206 0
20212 605394 0
567383 601668 0
52536 600842 0
13896 601452 0
12626 604912 0
6562 601307 0
20250 600622 0
10201 601483 0
9902 603320 0
537380 602703 0
20184 600850 0
8209 601756 0
567710 600825 0
6473 600981 0
14591 601173 0
535833 601095 0
567316 601374 0
4932 601494 0
20212 601104 0
20371 601312 0
3409 601975 0
15479 601451 0
536641 604174 0
535992 601495 0
3700 601346 0
5146 603142 0
562594 602014 0
535899 601649 0
54429 601623 0
17563 601252 0
18879 600960 0
565311 602950 0
537758 601131 0
538603 605165 0
548080 601331 0
13086 601532 0
9798 601932 0
11660 600747 0
8231 600854 0
14985 600701 0
548074 601839 0
10580 601520 0
1281 602024 0
141 601470 0
7819 601326 0
9846 601021 0
11252 601519 0
537952 601075 0
536572 602525 0
536494 603139 0
20165 601746 0
65886 601326 0
52476 601116 0
20301 601776 0
55653 600622 0
9223 600995 0
538259 602737 0
9016 601569 0
9122 601826 0
537534 604858 0
11469 601535 0
538394 600701 0
9400 601540 0
537777 601541 0
537492 601447 0
536647 603353 0
566024 601093 0
10762 601759 0
6011 601305 0
567281 600935 0
11250 604973 0
81405 601843 0
537799 601330 0
5130 602024 0
536637 601320 0
567748 603746 0
53627 600851 0
4417 605426 0
565261 601770 0
562785 601849 0
13086 605322 0
11129 601599 0
535808 601057 0
13194 602985 0
10400 602205 0
799 600974 0
20270 601266 0
16638 601345 0
13923 601231 0
57045 601902 0
75350 604189 0
567936 601321 0
536079 601622 0
49068 600776 0
566350 600959 0
5021 601799 0
6211 602393 0
7669 601224 0
9376 605429 0
565510 600852 0
536780 601251 0
14376 600876 0
14008 601629 0
54179 601258 0
6211 601091 0
16870 600850 0
538376 603267 0
12585 603165 0
13272 601699 0
4393 601489 0
18323 603606 0
563557 602149 0
563929 601793 0
9560 605352 0
535581 601189 0
11086 601714 0
537419 604062 0
536658 601665 0
6685 600876 0
537249 602203 0
538349 601459 0
566504 601797 0
4401 601529 0
566171 600874 0
563845 600847 0
562647 601905 0
6008 602117 0
535407 601675 0
6980 604311 0
14605 601418 0
566475 602471 0
8178 602933 0
563273 601353 0
567748 600815 0
5350 601661 0
17192 601069 0
536695 600848 0
15858 605178 0
20293 601841 0
13001 604046 0
6504 600807 0
55496 600797 0
1941 602226 0
565218 601359 0
535308 602950 0
13167 601097 0
536457 602045 0
535880 600954 0
19080 601963 0
4819 601699 0
564491 600852 0
1437 603160 0
20528 602117 0
564710 601030 0
18784 601927 0
12497 601390 0
562725 601087 0
12131 600959 0
9999 601157 0
535782 600658 0
535301 602558 0
536855 601246 0
536589 600959 0
537627 604358 0
46110 605227 0
1991 601237 0
1020 601838 0
535943 601892 0
536710 601090 0
562590 601159 0
6561 605433 0
18328 602143 0
14570 601324 0
563475 603736 0
536447 602558 0
563705 600658 0
565840 601104 0
795 602509 0
53120 601708 0
6011 602404 0
563561 601938 0
7024 601939 0
562875 605159 0
11129 601776 0
16481 601475 0
1024 601825 0
18877 601666 0
6059 601561 0
13272 600981 0
536508 601354 0
600608 601279 0
14826 601223 0
565346 601636 0
12286 600745 0
16388 601367 0
16112 603570 0
21200 601358 0
47508 601443 0
562876 600872 0
9140 601002 0
45602 601185 0
567159 603094 0
20187 601306 0
53560 602564 0
7011 603606 0
8946 601311 0
536022 600956 0
9959 602198 0
536089 604311 0
8945 602035 0
16715 602184 0
537177 601644 0
2313 600942 0
1039 601693 0
303 601023 0
10725 601452 0
10547 605132 0
41781 601073 0
13730 601159 0
9400 601643 0
7873 600819 0
11141 601935 0
495 601813 0
1748 601218 0
210 600810 0
13342 600897 0
13544 601090 0
536162 600968 0
535579 600992 0
563195 601357 0
5207 603248 0
11123 602663 0
538599 604969 0
39500 602464 0
567144 601207 0
536343 604307 0
18302 604674 0
11556 601321 0
562750 600701 0
15435 601640 0
20386 605147 0
9668 601173 0
17253 601307 0
536042 601218 0
537279 603813 0
567815 601068 0
58226 601505 0
12304 602953 0
563679 601441 0
5739 605322 0
20146 604062 0
538053 600874 0
566618 600958 0
567208 601561 0
36760 601261 0
6069 600998 0
531854 601825 0
19305 604935 0
535598 602955 0
2812 604123 0
1165 601744 0
8271 601076 0
563790 604460 0
13683 601551 0
699 601140 0
471 600848 0
537805 605440 0
537255 604919 0
386 605394 0
13582 601350 0
562790 604706 0
7638 600614 0
6944 601561 0
563322 600821 0
537923 600909 0
6646 600740 0
16469 600837 0
10304 602815 0
58496 601792 0
8584 600843 0
537286 604176 0
12608 601482 0
8065 600955 0
52497 601346 0
6083 601935 0
12954 601010 0
16171 602370 0
565291 602753 0
7340 601353 0
535282 601083 0
564333 604301 0
61325 604431 0
7251 601493 0
538132 603299 0
13290 600919 0
567758 605432 0
14402 601037 0
535808 600886 0
535343 601252 0
7855 602500 0
566984 604728 0
7888 604575 0
3586 601346 0
537415 601891 0
566619 601093 0
59100 601394 0
8673 601849 0
56733 602159 0
538050 601354 0
11629 600979 0
536223 600964 0
564327 600886 0
56731 602205 0
54537 603185 0
563666 602661 0
7806 602993 0
567389 600810 0
15834 601764 0
81800 601695 0
45400 601871 0
548016 601825 0
9155 603626 0
536911 600813 0
41500 601454 0
536183 600723 0
567640 602724 0
55009 600979 0
18232 602168 0
20371 601739 0
20301 601852 0
6311 601384 0
1989 601873 0
567034 600965 0
6968 601489 0
18771 600781 0
567382 601575 0
536485 600843 0
563008 600920 0
13896 602001 0
535773 601927 0
567433 601419 0
38921 601616 0
12848 600748 0
4421 602036 0
566244 601814 0
6579 600923 0
9223 601443 0
5878 601264 0
567725 601996 0
309 601946 0
84460 604161 0
6212 600945 0
13660 601649 0
9396 600926 0
536185 601470 0
536231 601302 0
7642 603667 0
425 602166 0
16518 601369 0
20936 601500 0
563120 602034 0
564908 601422 0
9139 600952 0
66253 603354 0
567425 601198 0
567653 604224 0
18567 602032 0
566555 600797 0
566094 600890 0
58631 601818 0
7889 601027 0
5168 605349 0
563136 601097 0
12174 600802 0
567708 600990 0
536295 603559 0
5376 602604 0
12379 601238 0
15423 601423 0
15878 601516 0
567564 601063 0
537152 604553 0
16609 601215 0
567020 601419 0
565249 600777 0
23320 602149 0
8765 601656 0
33700 601572 0
536221 601703 0
564703 603626 0
802 605179 0
5756 600890 0
536170 604773 0
12050 600975 0
566415 601762 0
565718 601620 0
14592 601831 0
20236 602224 0
56684 600761 0
9196 601770 0
17093 605426 0
564469 605227 0
4198 602218 0
52880 601814 0
563985 601279 0
17116 604070 0
566168 604488 0
8033 602156 0
3855 602531 0
54506 600819 0
562924 604124 0
15323 601814 0
1744 602464 0
566293 604046 0
18317 602383 0
566466 601834 0
10425 601439 0
567057 603837 0
563657 600878 0
3555 602663 0
567861 603667 0
20301 604919 0
535504 600958 0
535480 600748 0
6657 605440 0
2549 600964 0
13971 600919 0
38901 601858 0
18318 600968 0
12734 602991 0
46349 601528 0
536479 601324 0
567449 602034 0
1068 602143 0
30321 601830 0
19106 601289 0
10900 601209 0
1020 604474 0
5955 601345 0
565145 601270 0
566478 601857 0
535282 604684 0
565225 601441 0
565390 601564 0
537014 600910 0
13009 601122 0
535748 600722 0
537218 601625 0
566493 602532 0
6408 601169 0
43860 601214 0
13722 602471 0
12030 601023 0
386 602227 0
567425 601934 0
564577 602171 0
565386 601580 0
6373 600820 0
565291 605136 0
4612 601483 0
567813 601196 0
17250 601082 0
6000 605424 0
9087 601716 0
45823 601576 0
566415 601186 0
535707 601658 0
537201 600919 0
38062 601285 0
8100 601618 0
9303 602226 0
14839 601899 0
564256 600726 0
14339 600806 0
567685 604301 0
535836 600983 0
566857 601292 0
18276 605270 0
3111 600911 0
6111 604368 0
537359 601500 0
20198 603811 0
535739 601797 0
537357 601305 0
15526 600852 0
10580 600831 0
58494 601956 0
15323 602070 0
535979 602953 0
567281 601546 0
3409 601331 0
512 603764 0
567197 601597 0
3317 601632 0
16116 604143 0
137 601252 0
554498 602018 0
16750 603533 0
18234 601185 0
567284 601278 0
565753 601873 0
535600 601339 0
565822 601227 0
563150 601792 0
44882 600701 0
567767 602663 0
4198 602818 0
537180 601115 0
8577 604070 0
567320 602993 0
20788 601348 0
536463 601265 0
563415 602532 0
536482 601631 0
17624 601750 0
6222 602774 0
564352 603735 0
795 602668 0
17728 601533 0
11512 601181 0
540694 601612 0
574275 601633 0
563843 600815 0
566917 601491 0
5130 605349 0
4387 605136 0
567499 602973 0
3550 602955 0
535959 601208 0
562710 605140 0
12804 601091 0
3453 600886 0
3586 601629 0
564505 602367 0
52600 601764 0
402 601167 0
4213 600724 0
309 603128 0
28361 601815 0
565196 602215 0
537243 600951 0
536333 602048 0
564367 601801 0
13480 601775 0
3811 601176 0
10661 601474 0
536644 601159 0
537627 602117 0
2532 601937 0
13494 602604 0
3161 601759 0
18887 602008 0
56731 600986 0
10167 601417 0
15325 604791 0
567765 600879 0
176 600688 0
537580 600935 0
4828 600952 0
56370 602168 0
562467 601029 0
20230 600972 0
579862 601247 0
566587 600837 0
535706 601494 0
563010 601384 0
13896 601062 0
566296 602550 0
52801 602789 0
5134 601316 0
564498 601847 0
536271 601710 0
65627 601223 0
538417 602660 0
3681 601732 0
7970 604575 0
564336 602664 0
13313 601724 0
5067 601245 0
562785 602991 0
17674 604682 0
567481 603032 0
814 601284 0
6628 601655 0
8060 602993 0
535933 602190 0
5884 602217 0
13217 601200 0
19896 603834 0
6606 603110 0
13690 601834 0
11588 601105 0
10201 600981 0
564007 604769 0
538236 600819 0
537421 601019 0
20159 605402 0
563796 601217 0
567809 601521 0
566138 601426 0
567572 602164 0
565772 601069 0
3231 600746 0
9471 601514 0
536181 605270 0
565278 601220 0
81430 601494 0
15140 601108 0
565697 601437 0
565759 601692 0
536866 601629 0
757 604989 0
474 600982 0
15275 601703 0
7905 602285 0
17728 600823 0
52600 600884 0
13640 602222 0
1480 601218 0
567280 600949 0
53098 601941 0
20194 601030 0
4406 602488 0
535943 601140 0
54066 602215 0
565790 601366 0
536655 600970 0
5166 601849 0
565924 600949 0
9394 601384 0
566146 601946 0
13435 602186 0
531795 602703 0
13070 601663 0
537436 601494 0
14012 600862 0
9800 601798 0
537571 600879 0
1835 605337 0
9839 603160 0
566599 603154 0
13896 604124 0
17588 604304 0
537658 602014 0
536807 602663 0
567765 600781 0
10520 601009 0
536853 602681 0
566025 602991 0
11546 601262 0
567192 601063 0
20306 601342 0
13563 601183 0
2032 602500 0
565309 601664 0
567715 601588 0
537117 602488 0
10141 601764 0
10510 602937 0
565386 602019 0
536778 600723 0
537955 601276 0
562618 601041 0
563150 601778 0
538159 601566 0
537152 602893 0
14202 603837 0
5171 600975 0
20389 601838 0
13971 602190 0
4438 601532 0
567504 605093 0
565780 601055 0
566466 600825 0
12207 601287 0
64793 600822 0
567046 601707 0
537240 601471 0
309 601813 0
563802 603648 0
567714 601288 0
16538 601426 0
12127 601219 0
8590 600940 0
566398 602156 0
564256 601222 0
94470 601311 0
537204 601228 0
14983 601547 0
563575 602786 0
536421 600883 0
15418 601167 0
20967 602795 0
8232 600843 0
53578 601505 0
535377 601582 0
538280 600760 0
538013 601324 0
3251 601145 0
563422 601338 0
535845 601532 0
16538 601115 0
538355 600892 0
566432 602724 0
572568 605037 0
18328 602983 0
536492 602705 0
567766 601143 0
537699 601397 0
61515 601105 0
58866 602908 0
536439 601463 0
565815 601873 0
564908 602190 0
23961 600790 0
5264 601721 0
14435 602393 0
9308 601151 0
11938 603563 0
536629 604740 0
30981 601076 0
9134 601803 0
567649 601471 0
6210 601182 0
538237 604015 0
537525 601174 0
564365 602923 0
20250 601722 0
17488 601059 0
10425 602222 0
20329 601023 0
564908 603165 0
535684 601117 0
565753 604104 0
567936 602043 0
563663 600925 0
536414 601892 0
535536 601326 0
13035 605025 0
563797 605425 0
10673 603834 0
20336 601266 0
4697 601299 0
2341 600795 0
536439 602334 0
19867 601696 0
16770 601504 0
55577 602018 0
565814 601198 0
7634 601945 0
44148 600935 0
53565 601959 0
3371 600999 0
7634 602048 0
536048 604774 0
54364 602280 0
537914 605239 0
535857 601847 0
20447 601750 0
2137 602937 0
567436 603736 0
545036 600926 0
8673 601767 0
17192 600963 0
562873 605394 0
12797 601093 0
567102 601167 0
536446 601688 0
8831 602033 0
13922 601458 0
27646 600964 0
12050 603921 0
8415 605402 0
14883 601751 0
1506 600855 0
562643 601340 0
51346 602164 0
538655 602541 0
567758 600688 0
13099 602213 0
7710 601332 0
1289 601737 0
565822 600818 0
535782 601451 0
15840 602145 0
13734 601524 0
563409 604341 0
567772 601300 0
536890 600810 0
562949 601736 0
567066 601903 0
4652 604391 0
566505 603674 0
580192 601042 0
565712 601765 0
567066 602652 0
538235 601288 0
8721 601447 0
9886 601541 0
565754 601495 0
562733 602291 0
567192 601683 0
536189 601115 0
565409 601384 0
7383 601431 0
14777 602161 0
564664 601073 0
564336 602737 0
6014 601047 0
537279 601523 0
10490 601246 0
2341 604474 0
536189 602184 0
566310 600897 0
567489 601629 0
16534 602246 0
14808 600765 0
5706 602309 0
567240 601368 0
2252 600916 0
51900 601176 0
13492 603307 0
16778 602663 0
562799 602145 0
564007 605048 0
6344 600783 0
18856 601189 0
2547 601591 0
7593 601282 0
537955 604503 0
567766 601511 0
565328 601432 0
44342 601564 0
536631 600749 0
567043 601576 0
536421 601424 0
563733 600878 0
12393 603142 0
20190 603320 0
535686 600781 0
564915 602464 0
566449 600917 0
5833 601862 0
856 602205 0
8584 601735 0
3218 602664 0
11660 605212 0
12913 601707 0
536390 601331 0
6732 604919 0
15862 603835 0
536300 601762 0
567023 601529 0
19283 601823 0
24741 602788 0
535912 601474 0
20295 601575 0
536492 605424 0
13489 601568 0
567642 601570 0
535845 603674 0
566602 601938 0
707 602152 0
20642 601938 0
563209 604773 0
567325 605132 0
20386 602119 0
10013 601561 0
565836 601290 0
566123 601187 0
11008 602950 0
536658 600892 0
14399 602030 0
59366 601493 0
18777 601963 0
7714 601806 0
548016 600982 0
535744 600975 0
537421 601157 0
18088 601934 0
535343 600793 0
566339 600966 0
11038 602035 0
567127 601530 0
567906 602889 0
7836 601754 0
56887 601304 0
2422 601690 0
563933 601002 0
6317 601319 0
18233 600882 0
17490 601651 0
13723 601069 0
7235 601818 0
562864 601350 0
566506 600795 0
536940 602199 0
537171 601176 0
33 602226 0
15769 601167 0
13099 601193 0
13160 605441 0
3550 601154 0
536438 601041 0
564494 601309 0
536183 601640 0
538445 601784 0
8546 601800 0
567714 600886 0
537303 601270 0
15173 600803 0
563209 602316 0
536122 601662 0
18213 601629 0
5533 601323 0
535402 602558 0
10049 600658 0
536050 605132 0
567652 601744 0
538137 601243 0
20511 600926 0
51290 600871 0
564388 601544 0
565344 601389 0
795 602452 0
53158 601967 0
537844 600940 0
16170 602535 0
567728 600831 0
536887 605076 0
563032 604311 0
537633 604369 0
3704 601963 0
536596 600770 0
9394 601042 0
13152 601388 0
564306 601790 0
14693 601826 0
5884 601540 0
3288 604935 0
563250 605402 0
536677 602184 0
537279 601286 0
14060 601252 0
12775 601983 0
20513 602013 0
536522 602923 0
19339 601481 0
4438 603039 0
62400 604923 0
19150 601106 0
15863 600747 0
537756 600955 0
10149 601221 0
13485 601318 0
8067 601198 0
20146 601068 0
56487 601676 0
63647 600901 0
535334 601251 0
537534 601053 0
8439 602664 0
44 601287 0
13585 601560 0
536647 601522 0
20323 602309 0
535323 601527 0
537005 603665 0
6467 600712 0
6504 601207 0
14178 605449 0
20250 602358 0
567481 603110 0
562875 601463 0
538259 601773 0
56729 601869 0
6657 600790 0
562463 601339 0
567784 601110 0
580388 603811 0
566795 601762 0
11696 600986 0
10612 601160 0
565467 601299 0
425 602043 0
536778 602017 0
538068 605429 0
67430 601181 0
567708 601052 0
19462 601703 0
563463 601445 0
18798 601598 0
17825 602103 0
574275 601751 0
1250 600960 0
15614 603110 0
13706 603307 0
10661 601533 0
567021 601544 0
1342 602060 0
512 601580 0
70960 601183 0
565740 601661 0
13 602264 0
535776 601825 0
564248 601614 0
563867 601068 0
15785 602159 0
564 604769 0
44903 601217 0
382 600785 0
18980 601415 0
536736 601030 0
56889 601588 0
537302 601624 0
6980 604943 0
18882 601231 0
6111 600854 0
58495 602015 0
564708 601411 0
15418 602237 0
1925 601380 0
562937 601609 0
7562 601161 0
6259 601208 0
536227 601520 0
567063 604769 0
564048 603039 0
59327 601881 0
16063 602923 0
20820 602985 0
566982 601718 0
536133 602035 0
535441 601500 0
14985 601778 0
5067 602014 0
55652 600658 0
565935 601606 0
57770 601569 0
15310 601858 0
566730 602000 0
8681 600912 0
34381 603633 0
20754 601153 0
536091 601254 0
562924 603955 0
537246 601532 0
536984 601940 0
48070 601309 0
8579 603830 0
3233 605073 0
563384 600901 0
567466 602923 0
6685 600917 0
20757 604787 0
4819 603160 0
537157 601557 0
536080 602028 0
44483 601815 0
16388 603801 0
9421 601840 0
567703 601770 0
16726 605448 0
537627 601520 0
14399 601265 0
537901 601147 0
535416 601459 0
3872 600859 0
536285 601498 0
562815 600840 0
18410 600983 0
19106 604674 0
566196 604015 0
567354 601505 0
535540 601830 0
70100 601725 0
3085 600987 0
566935 601358 0
538278 601307 0
565367 602028 0
567123 601222 0
566464 601229 0
10698 605429 0
1265 601273 0
6504 600622 0
565504 601150 0
65708 602011 0
3244 601260 0
538639 601304 0
567282 601360 0
7567 601576 0
13576 601562 0
538659 602096 0
58566 601181 0
537185 601276 0
563557 601649 0
10304 601666 0
536590 601368 0
537340 602246 0
536467 600913 0
10520 601724 0
1416 602096 0
564509 601790 0
25063 601003 0
50500 601228 0
54312 601284 0
15831 604817 0
14605 602211 0
17825 603607 0
4402 601190 0
62685 601684 0
537152 602300 0
535311 602105 0
31845 600956 0
12628 601395 0
2288 601649 0
8589 604124 0
3371 601187 0
536629 602216 0
44903 600874 0
535436 601153 0
52878 601655 0
11183 601755 0
11087 602024 0
537831 601682 0
535968 601546 0
13786 602310 0
567037 601439 0
1778 600919 0
537419 601058 0

incorrect:
1247 601314 1
7060 600779 1
13224 600794 1
1449 600622 1
567925 600658 1
2177 601749 1
9230 601059 1
3480 600722 1
163 601197 1
2481 602210 1
1018 602280 1
16171 600635 1
405 600789 1
537070 600658 1
11087 600723 1
45828 600815 1
5873 601126 1
12 601191 1
163 601223 1
7184 600870 1
788 600951 1
564468 600870 1
437 602143 1
163 601421 1
566555 600658 1
138 600905 1
53359 600796 1
172 601140 1
535402 600893 1
4414 600889 1
163 600945 1
20514 600887 1
2177 600804 1
16769 600614 1
505 600957 1
8010 600945 1
566627 600643 1
9209 600889 1
2181 601816 1
505 601273 1
14526 600862 1
172 604503 1
55732 601190 1
17699 600889 1
565726 600722 1
1228 600865 1
536783 600850 1
4830 601928 1
38 601046 1
90320 600863 1
566923 600809 1
11293 600784 1
341 602119 1
564133 600614 1
2422 600789 1
799 601358 1
536647 600996 1
14 602021 1
566293 600863 1
15837 600635 1
303 600722 1
16532 600870 1
20760 600883 1
68600 600635 1
563423 600814 1
20186 600823 1
3229 601513 1
8595 600643 1
532 601505 1
7688 600778 1
536275 600614 1
505 605037 1
9443 600889 1
537844 600898 1
6396 600814 1
15356 600811 1
347 603311 1
1264 600995 1
6948 602955 1
15 601067 1
15 602985 1
142 601410 1
16736 601145 1
1791 601815 1
564818 600749 1
15440 600858 1
172 600958 1
55154 600853 1
471 601092 1
12852 600643 1
567343 600904 1
182 603287 1
565360 600946 1
12 604781 1
6474 600643 1
538397 600735 1
3919 601488 1
160 601148 1
437 601564 1
13708 601145 1
562793 601120 1
4437 600998 1
563614 600635 1
6014 600779 1
15477 601145 1
56929 600643 1
84460 600712 1
535857 600735 1
536780 600846 1
172 601042 1
9182 600712 1
20306 600938 1
505 600803 1
536780 600777 1
4238 601145 1
13662 600887 1
309 600761 1
536170 600778 1
15 603558 1
6955 600722 1
379 601388 1
2054 600846 1
11693 600786 1
138 601129 1
3128 601010 1
3371 601564 1
20447 601033 1
19547 601105 1
707 601892 1
6689 600635 1
142 601421 1
380 605178 1
53290 600735 1
1201 602199 1
4892 600850 1
565210 600778 1
4415 601902 1
536962 600790 1
6029 600804 1
15 602558 1
430 600760 1
787 605433 1
10488 600802 1
1201 601104 1
4660 600760 1
15862 600786 1
2544 600825 1
567089 600658 1
2303 600843 1
9443 600969 1
536601 600770 1
564243 600790 1
1424 601543 1
7418 600917 1
4438 600790 1
64070 600870 1
1049 601415 1
23961 600727 1
13690 600774 1
9755 600925 1
163 601012 1
15043 600821 1
4892 600815 1
10244 603855 1
15154 600853 1
9459 600789 1
437 605189 1
1014 600812 1
537466 600778 1
14 603965 1
536113 600777 1
43470 600846 1
565831 600811 1
707 601720 1
2869 600635 1
141 601137 1
563043 600778 1
788 601218 1
563515 601002 1
13577 600846 1
743 604951 1
707 602103 1
15 602950 1
799 601487 1
379 601012 1
6229 600773 1
20335 600723 1
15819 601030 1
14388 600938 1
11293 600823 1
14 604341 1
565972 600622 1
2544 602145 1
4761 601280 1
50500 600643 1
566411 600658 1
12618 600658 1
5533 600773 1
9357 600801 1
567640 600614 1
140 602893 1
347 601675 1
15862 600981 1
1480 602231 1
163 601508 1
6971 600658 1
6316 601087 1
567758 600887 1
309 600979 1
15 603468 1
18827 600712 1
630 600739 1
5262 600622 1
3244 600789 1
566730 600786 1
437 605037 1
38 601064 1
20207 600712 1
2386 603396 1
8581 600614 1
505 601787 1
7984 600658 1
6408 600643 1
163 602579 1
566505 600905 1
1039 601179 1
535830 600975 1
536905 600778 1
6952 600658 1
15423 601109 1
13923 600614 1
567618 600643 1
536607 600735 1
566766 600904 1
5739 601361 1
19954 600614 1
370 600958 1
13477 600898 1
538259 600726 1
550 600797 1
138 601330 1
138 600981 1
15458 600658 1
535934 600658 1
437 601229 1
1649 601143 1
567286 600870 1
537731 600899 1
563984 600735 1
14262 600799 1
11938 601002 1
14435 600925 1
2303 600819 1
2921 600913 1
8109 600622 1
31845 600796 1
6316 600966 1
565291 600783 1
1778 601177 1
562791 600781 1
1523 601334 1
784 602890 1
8260 600989 1
6473 601890 1
537871 600887 1
6689 601399 1
3550 600643 1
537505 600712 1
15 600944 1
6660 601199 1
12678 600789 1
1778 600614 1
6073 603246 1
13679 600614 1
566505 600904 1
1724 601903 1
20896 600790 1
3490 603246 1
138 600760 1
326 600795 1
9821 600614 1
12362 600814 1
19851 600614 1
37 601491 1
380 601748 1
562618 600726 1
567551 600658 1
567635 600889 1
52878 600712 1
58566 600722 1
140 601508 1
17109 600784 1
9759 600789 1
566730 600811 1
56487 600929 1
566506 600635 1
9377 600759 1
11023 600688 1
5879 600784 1
4244 601704 1
182 600722 1
138 601475 1
14860 601109 1
563030 600723 1
14257 600614 1
567280 600931 1
10265 600712 1
567090 600796 1
312 600643 1
536456 600893 1
57180 600635 1
787 601460 1
14987 600784 1
19547 600889 1
37 600949 1
1745 601037 1
565833 600787 1
12635 600751 1
7710 601064 1
749 600723 1
567482 600622 1
13924 600712 1
10283 600614 1
9304 601008 1
12 601098 1
4932 600712 1
15 604935 1
1996 601046 1
20323 600942 1
172 603783 1
535707 600778 1
14009 600804 1
20288 600622 1
1480 601418 1
138 601970 1
1049 604858 1
5499 600858 1
548028 600790 1
14 602037 1
566415 600915 1
537583 600887 1
787 601682 1
537153 600887 1
1228 600970 1
2653 600773 1
19867 600997 1
14869 600643 1
1922 601023 1
19965 600712 1
9459 600784 1
538005 600781 1
20967 600810 1
30342 601406 0
537901 602184 0
7948 600972 0
16750 601007 0
22 605008 0
565346 600950 0
14009 601595 0
17488 600933 0
8206 601335 0
13155 602185 0
2534 601007 0
8673 601553 0
1471 601568 0
3924 601010 0
6869 601005 0
20347 602564 0
19693 600784 0
2972 601947 0
537357 602253 0
536194 604989 0
563714 601406 0
20293 601638 0
8105 604224 0
564384 601194 0
536657 601723 0
20521 603072 0
13375 601096 0
15352 601059 0
535932 600848 0
562386 601807 0
3528 602231 0
17695 601403 0
20261 602525 0
11293 601192 0
19636 602890 0
55371 605437 0
535477 602062 0
2294 603214 0
47928 600997 0
63806 601647 0
532 603309 0
6333 601025 0
14605 600879 0
8103 602783 0
565476 601904 0
10146 602795 0
9127 601145 0
17240 601115 0
20774 600785 0
1238 601835 0
10437 601189 0
536601 601638 0
572568 601381 0
17285 601699 0
567084 601406 0
564004 601647 0
531767 600920 0
7249 604046 0
535334 600946 0
567719 601837 0
1930 601137 0
18805 604494 0
1321 605184 0
1238 601488 0
5910 605440 0
9102 601832 0
310 601551 0
6528 603660 0
4830 601352 0
567438 601518 0
1254 604728 0
2311 601776 0
1170 601027 0
16750 601808 0
8088 605447 0
12555 603287 0
45743 600742 0
4195 601597 0
10493 600751 0
11230 601266 0
536392 600936 0
751 600924 0
535572 601978 0
536042 601479 0
8288 601973 0
18781 601171 0
14516 601120 0
4198 600862 0
563789 601842 0
566112 601506 0
708 601567 0
55744 604956 0
402 601111 0
8881 601798 0
65626 601779 0
567159 601515 0
11085 600822 0
2311 600739 0
567059 601110 0
563890 601485 0
9472 600809 0
16773 602393 0
7680 601597 0
4831 601414 0
563703 601257 0
860 604602 0
5262 600913 0
53159 601354 0
7249 602724 0
9135 602208 0
59352 601202 0
537243 601649 0
13920 605349 0
5317 601861 0
6312 601110 0
566170 601981 0
1849 601578 0
58625 602207 0
2313 601658 0
1477 600862 0
7248 601460 0
12220 600975 0
17379 600756 0
537217 601726 0
16781 601403 0
537302 601152 0
5901 601634 0
9447 600943 0
14550 601777 0
20263 600770 0
12166 601981 0
5921 601871 0
9062 604369 0
9669 603509 0
53040 600903 0
16883 601216 0
12871 600802 0
3930 601869 0
2305 601180 0
14652 601325 0
567211 602987 0
9798 600838 0
16720 600742 0
564276 601043 0
567787 602185 0
562745 601981 0
537240 601110 0
16919 601172 0
536163 601638 0
566593 601139 0
28361 601226 0
15154 600759 0
6942 600885 0
8232 601613 0
12002 601430 0
13375 601483 0
15674 603834 0
310 601037 0
54198 601262 0
9181 601123 0
14607 605148 0
6558 601578 0
18248 601202 0
14786 601705 0
2292 601902 0
20518 600996 0
9410 601316 0
8107 603248 0
19190 600933 0
6949 604728 0
15212 601481 0
7003 601891 0
19969 600987 0
16535 601881 0
55008 601861 0
50035 602618 0
6816 601355 0
2690 600997 0
4314 605180 0
2289 602145 0
4749 601577 0
3967 601073 0
536004 601870 0
58625 605311 0
14 601439 0
14802 600828 0
1249 604653 0
12021 601002 0
537279 600860 0
9157 601076 0
17453 601578 0
8579 602950 0
13705 601243 0
4749 601839 0
6962 601584 0
7859 601644 0
28227 601370 0
7898 600931 0
15418 600744 0
10182 601626 0
20018 601350 0
535836 601111 0
564650 601080 0
20022 601659 0
17116 600925 0
3453 600730 0
8107 601692 0
13550 601004 0
538339 601444 0
12513 601335 0
5909 601083 0
19339 600792 0
18366 601449 0
535707 601391 0
7177 600887 0
1254 602188 0
10505 601406 0
708 601684 0
564791 601442 0
20294 601244 0
6210 601090 0
3882 602027 0
5199 602280 0
2546 601580 0
4485 601574 0
1778 601342 0
44584 601414 0
